900000307007010900020037000400350000030060080000072005000590070001080200704000008
090041008000200006000930700860700090000080000040009061002063000900007000100890020
000675091000034070000000600170540060030010050050092014007000000090460000410957000
600009000000007094000580701092058000040000050000190380407025000530900000000400005
050089000004060050700200084410090000009000200000040097890006001040070600000810070
003200000000049102000060409200000065000090000650000008108050000302610000000004200
000040003000019600096030000009003400072000380005200900000020150007190000200080000
080000420020094000900160000006000097000010000390000200000047006000520030034000010
000004000930070000701300209003090000807020605000060800409002701000010038000500000
030500009100074000009020040000000896000060000356000000080090600000430002600002050
900061070040050000100004620000000952000080000634000000059400001000010060060520007
030560800000010600400090020008000003200134006300000500050020004002040000004071050
040090000000038500000007043004000397030040010169000400780900000001780000000060030
090020078000049000060008304400000700900030006003000001502700080000480000780050020
000009570700035094000400003800100600000060000009007005400006000970240008085700000
590700020700028050002510000200000000800050007000000009000049600080270003030005092
600300050000058076000040030020081000300060007000470080070020000540730000080005003
000068200000032085800070040007000500100603002002000900010080009390510000004290000
200070050008050320000200000004600901000030000803002400000008000091060800080020004
000569003090210050000000040900000860005020400032000005010000000070045090300697000
010005400000074000500020070900002706050060030106900002030040001000250000002300090
000036400075001000300500020000000013006020800580000000060007005000300270007460000
000008000850020100034060020020300000600040003000001070010080260005070034000200000
203000008000374000000060500005000010006192800080000400002040000000653000300000904